418,6
418,5
547,4
547,3
547,2
547,1
547,0
546,6
546,5
546,4
546,3
546,2
546,1
546,0
545,4
545,3
545,2
545,1
545,0
544,3
544,2
544,1
544,0
543,3
543,2
543,1
543,0
542,3
542,2
542,1
542,0
541,3
541,2
541,1
541,0
540,3
540,2
0,9
540,1
540,0
539,3
539,2
539,1
539,0
538,6
538,5
538,4
538,3
538,2
538,1
538,0
537,5
537,4
537,3
537,2
537,1
537,0
536,3
536,2
536,1
536,0
535,5
535,4
535,3
535,2
535,1
535,0
534,3
534,2
534,1
534,0
533,4
533,3
533,2
533,1
533,0
532,3
532,2
532,1
532,0
531,3
531,2
531,1
531,0
530,5
530,4
530,3
530,2
530,1
530,0
241,5
241,4
529,3
529,2
529,1
529,0
528,4
528,3
528,2
528,1
528,0
527,3
527,2
527,1
527,0
526,3
526,2
526,1
526,0
525,3
525,2
525,1
525,0
524,4
524,3
524,2
524,1
524,0
256,12
256,8
523,4
523,3
523,2
523,1
523,0
522,3
522,2
522,1
522,0
521,3
521,2
521,1
521,0
520,5
520,4
520,3
520,2
520,1
520,0
519,3
519,2
519,1
519,0
518,3
518,2
518,1
518,0
517,3
517,2
517,1
517,0
516,3
516,2
516,1
516,0
256,11
256,7
345,6
256,10
515,4
515,3
515,2
515,1
515,0
514,4
514,3
514,2
514,1
514,0
513,3
513,2
513,1
513,0
512,3
512,2
512,1
512,0
511,3
511,2
511,1
511,0
510,3
510,2
510,1
510,0
509,3
509,2
509,1
509,0
508,3
508,2
508,1
508,0
507,4
507,3
507,2
507,1
507,0
506,6
506,5
506,4
506,3
506,2
506,1
506,0
505,4
505,3
505,2
505,1
505,0
504,3
504,2
504,1
504,0
503,3
503,2
503,1
503,0
502,3
502,2
502,1
502,0
501,3
501,2
501,1
501,0
500,3
500,2
500,1
500,0
499,3
499,2
499,1
499,0
498,6
498,5
498,4
498,3
498,2
498,1
498,0
497,5
497,4
497,3
497,2
497,1
497,0
496,3
496,2
496,1
496,0
2,35
495,4
495,3
495,2
495,1
495,0
2,34
494,3
494,2
494,1
494,0
493,3
493,2
493,1
493,0
492,5
492,4
492,3
492,2
492,1
492,0
491,3
491,2
491,1
491,0
490,3
490,2
490,1
490,0
489,3
489,2
489,1
489,0
488,3
488,2
488,1
488,0
2,33
487,3
487,2
487,1
487,0
486,3
486,2
486,1
486,0
485,4
485,3
485,2
485,1
485,0
484,4
484,3
484,2
484,1
484,0
483,3
483,2
483,1
483,0
482,4
482,3
482,2
482,1
482,0
481,3
481,2
481,1
481,0
480,6
480,5
480,4
480,3
480,2
480,1
480,0
479,4
479,3
479,2
479,1
479,0
478,3
478,2
478,1
478,0
477,3
477,2
477,1
477,0
476,3
476,2
476,1
476,0
475,3
475,2
475,1
475,0
474,3
474,2
474,1
474,0
473,3
473,2
473,1
473,0
472,3
472,2
472,1
472,0
459,5
459,4
431,8
431,7
334,16
334,10
334,15
334,14
334,13
334,12
334,11
334,4
334,9
334,8
334,7
334,6
334,5
289,9
289,8
289,7
244,6
244,5
244,4
256,9
256,4
256,6
256,5
471,3
471,2
471,1
471,0
345,5
345,4
470,4
470,3
470,2
470,1
470,0
469,3
469,2
469,1
469,0
468,7
468,6
468,5
468,4
468,3
468,2
468,1
468,0
467,4
467,3
467,2
467,1
467,0
466,4
466,3
466,2
466,1
466,0
465,3
465,2
465,1
465,0
464,5
464,4
464,3
464,2
464,1
464,0
463,4
463,3
463,2
463,1
463,0
462,5
462,4
462,3
462,2
462,1
462,0
461,3
461,2
461,1
461,0
460,5
460,4
460,3
460,2
460,1
460,0
459,3
459,2
459,1
459,0
458,4
458,3
458,2
458,1
458,0
457,3
457,2
457,1
457,0
456,6
456,5
456,4
456,3
456,2
456,1
456,0
455,3
455,2
455,1
455,0
454,3
454,2
454,1
454,0
453,4
453,3
453,2
453,1
453,0
452,5
452,4
452,3
452,2
452,1
452,0
451,4
451,3
451,2
451,1
451,0
450,5
450,4
450,3
450,2
450,1
450,0
449,3
449,2
449,1
449,0
448,3
448,2
448,1
448,0
447,3
447,2
447,1
447,0
446,5
446,4
446,3
446,2
446,1
446,0
445,6
445,5
445,4
445,3
445,2
445,1
445,0
444,6
444,5
444,4
444,3
444,2
444,1
444,0
443,6
443,5
443,4
443,3
443,2
443,1
443,0
442,4
442,3
442,2
442,1
442,0
441,3
441,2
441,1
441,0
440,3
440,2
440,1
440,0
439,4
439,3
439,2
439,1
439,0
438,3
438,2
438,1
438,0
437,3
437,2
437,1
437,0
436,3
436,2
436,1
436,0
435,3
435,2
435,1
435,0
434,5
434,4
434,3
434,2
434,1
434,0
433,8
433,7
433,6
433,5
433,4
433,3
433,2
433,1
433,0
432,6
432,5
432,4
432,3
432,2
432,1
432,0
431,6
431,5
431,4
431,3
431,2
431,1
431,0
430,3
430,2
430,1
430,0
429,4
429,3
429,2
429,1
429,0
428,4
428,3
428,2
428,1
428,0
427,4
427,3
427,2
427,1
427,0
426,13
426,12
426,11
426,10
426,9
426,8
426,7
426,6
426,5
426,4
426,3
426,2
426,1
426,0
425,3
425,2
425,1
425,0
424,3
424,2
424,1
424,0
423,6
423,5
423,4
423,3
423,2
423,1
423,0
422,4
422,3
422,2
422,1
422,0
421,3
421,2
421,1
421,0
420,4
420,3
420,2
420,1
420,0
419,4
419,3
419,2
419,1
419,0
418,4
418,3
418,2
418,1
418,0
417,3
417,2
417,1
417,0
416,4
416,3
416,2
416,1
416,0
415,3
415,2
415,1
415,0
414,4
414,3
414,2
414,1
414,0
413,3
413,2
413,1
413,0
412,3
412,2
412,1
412,0
411,3
411,2
411,1
411,0
410,3
410,2
410,1
410,0
409,4
409,3
409,2
409,1
409,0
408,4
408,3
408,2
408,1
408,0
407,3
407,2
0,507
407,1
407,0
406,3
406,2
406,1
406,0
405,3
405,2
405,1
405,0
404,3
404,2
404,1
404,0
403,5
403,4
403,3
403,2
403,1
403,0
402,5
402,4
402,3
402,2
402,1
402,0
401,6
401,5
401,4
401,3
401,2
0,504
401,1
401,0
400,4
400,3
400,2
400,1
400,0
399,5
399,4
399,3
399,2
399,1
399,0
0,502
398,3
398,2
398,1
398,0
397,3
397,2
397,1
397,0
396,3
396,2
396,1
396,0
395,3
395,2
395,1
395,0
394,4
394,3
394,2
394,1
394,0
0,499
393,4
393,3
393,2
393,1
393,0
392,4
392,3
392,2
392,1
392,0
391,8
391,7
391,6
391,5
391,4
391,3
391,2
391,1
391,0
0,498
390,3
390,2
390,1
390,0
389,11
389,10
389,9
389,8
389,7
389,6
389,5
389,4
389,3
389,2
389,1
389,0
0,497
0,496
0,495
388,3
388,2
388,1
388,0
387,4
387,3
387,2
387,1
387,0
0,494
0,493
386,5
386,4
386,3
386,2
386,1
386,0
385,4
385,3
385,2
385,1
385,0
384,16
384,15
384,14
384,13
384,12
384,11
384,10
384,9
384,8
384,7
384,6
384,5
384,4
384,3
384,2
384,1
384,0
383,3
383,2
383,1
383,0
0,491
382,4
382,3
382,2
382,1
382,0
381,3
381,2
381,1
381,0
380,5
380,4
380,3
380,2
0,490
380,1
380,0
0,489
379,3
379,2
379,1
379,0
378,3
378,2
378,1
378,0
377,3
377,2
377,1
377,0
376,5
376,4
376,3
376,2
376,1
376,0
0,488
375,4
375,3
375,2
375,1
375,0
374,3
374,2
374,1
374,0
373,3
373,2
373,1
373,0
0,487
372,4
372,3
372,2
372,1
372,0
371,5
371,4
371,3
371,2
371,1
371,0
0,486
370,4
370,3
370,2
370,1
370,0
369,6
369,5
369,4
369,3
369,2
369,1
369,0
368,5
368,4
368,3
368,2
368,1
368,0
367,8
367,7
367,6
367,5
367,4
367,3
367,2
367,1
367,0
366,5
366,4
366,3
366,2
366,1
366,0
365,6
365,5
365,4
365,3
365,2
365,1
365,0
364,3
364,2
364,1
364,0
0,485
0,484
363,4
363,3
363,2
363,1
363,0
362,4
362,3
362,2
362,1
362,0
361,3
361,2
361,1
361,0
360,3
360,2
360,1
360,0
0,483
0,482
0,481
359,4
359,3
359,2
359,1
359,0
358,3
358,2
358,1
358,0
0,480
357,3
357,2
357,1
357,0
356,3
356,2
356,1
356,0
355,5
355,4
355,3
355,2
355,1
355,0
0,479
354,5
354,4
354,3
354,2
354,1
354,0
353,4
353,3
353,2
353,1
353,0
352,3
352,2
0,478
352,1
352,0
351,7
351,6
351,5
351,4
351,3
351,2
351,1
351,0
350,3
350,2
350,1
350,0
349,4
349,3
349,2
349,1
349,0
0,477
348,3
348,2
348,1
348,0
347,3
347,2
0,476
347,1
347,0
346,4
346,3
346,2
346,1
346,0
345,3
345,2
345,1
345,0
344,5
344,4
344,3
344,2
344,1
344,0
343,3
343,2
343,1
343,0
342,3
342,2
342,1
342,0
341,4
341,3
341,2
341,1
341,0
0,475
340,5
340,4
0,474
340,3
340,2
340,1
340,0
339,4
339,3
339,2
0,473
339,1
339,0
338,6
338,5
338,4
338,3
338,2
338,1
338,0
0,472
337,5
337,4
337,3
337,2
337,1
337,0
336,6
336,5
336,4
336,3
336,2
336,1
336,0
335,4
335,3
335,2
335,1
335,0
334,3
334,2
334,1
334,0
333,6
333,5
333,4
333,3
333,2
333,1
333,0
0,471
332,4
332,3
332,2
332,1
332,0
0,470
0,469
331,4
331,3
331,2
331,1
331,0
330,3
330,2
330,1
330,0
0,468
329,3
329,2
329,1
329,0
328,4
328,3
328,2
328,1
328,0
327,3
327,2
327,1
327,0
0,467
326,3
326,2
326,1
326,0
325,4
325,3
325,2
325,1
325,0
324,4
324,3
324,2
324,1
324,0
323,5
323,4
323,3
323,2
323,1
323,0
322,4
322,3
322,2
322,1
322,0
321,4
321,3
321,2
321,1
321,0
320,3
320,2
320,1
320,0
319,4
319,3
319,2
319,1
319,0
318,3
318,2
318,1
318,0
317,6
317,5
0,466
317,4
317,3
317,2
317,1
317,0
316,7
316,6
316,5
316,4
316,3
316,2
316,1
316,0
315,3
315,2
315,1
315,0
314,3
314,2
314,1
314,0
313,3
313,2
313,1
313,0
312,4
312,3
312,2
312,1
312,0
311,5
311,4
311,3
311,2
311,1
311,0
310,9
310,8
310,7
310,6
310,5
310,4
310,3
310,2
310,1
310,0
309,3
309,2
309,1
309,0
308,4
308,3
308,2
308,1
308,0
0,465
307,5
307,4
307,3
307,2
0,464
307,1
307,0
306,5
306,4
306,3
306,2
306,1
306,0
305,9
305,8
305,7
305,6
305,5
305,4
305,3
305,2
305,1
305,0
304,4
304,3
304,2
304,1
304,0
303,3
303,2
303,1
303,0
302,4
302,3
302,2
302,1
302,0
301,4
301,3
301,2
301,1
301,0
300,3
300,2
300,1
300,0
299,5
299,4
299,3
299,2
299,1
299,0
298,4
298,3
298,2
298,1
298,0
0,463
297,3
297,2
297,1
297,0
296,3
296,2
296,1
296,0
295,7
295,6
295,5
295,4
295,3
295,2
295,1
295,0
294,3
294,2
294,1
294,0
293,6
293,5
293,4
293,3
293,2
293,1
293,0
292,3
292,2
292,1
292,0
291,3
291,2
291,1
291,0
290,6
290,5
290,4
290,3
290,2
290,1
290,0
289,6
289,5
289,4
289,3
289,2
289,1
289,0
288,4
288,3
288,2
288,1
288,0
0,462
287,3
287,2
287,1
287,0
286,4
286,3
286,2
286,1
286,0
285,3
285,2
285,1
285,0
0,461
284,4
284,3
284,2
284,1
284,0
283,4
283,3
283,2
283,1
283,0
282,4
282,3
282,2
282,1
282,0
281,3
281,2
281,1
281,0
280,3
280,2
280,1
280,0
279,5
279,4
279,3
279,2
279,1
279,0
278,4
278,3
278,2
278,1
278,0
277,5
277,4
277,3
277,2
277,1
277,0
276,9
276,8
276,7
276,6
276,5
276,4
276,3
276,2
276,1
276,0
275,3
275,2
275,1
275,0
274,3
274,2
274,1
274,0
273,3
273,2
273,1
273,0
272,3
272,2
272,1
272,0
271,3
271,2
271,1
271,0
270,3
270,2
270,1
270,0
269,3
269,2
269,1
269,0
268,5
268,4
268,3
268,2
268,1
268,0
267,3
267,2
267,1
267,0
266,9
266,8
266,7
266,6
266,5
266,4
266,3
266,2
0,460
266,1
266,0
265,5
265,4
265,3
265,2
265,1
265,0
264,4
264,3
264,2
264,1
264,0
263,13
263,12
263,11
263,10
263,9
263,8
263,7
263,6
263,5
263,4
263,3
263,2
263,1
263,0
262,3
262,2
262,1
262,0
261,3
261,2
261,1
261,0
260,4
260,3
260,2
260,1
260,0
259,3
259,2
259,1
259,0
258,3
258,2
258,1
258,0
257,6
257,5
257,4
257,3
257,2
257,1
257,0
256,3
256,2
256,1
256,0
255,5
255,4
255,3
255,2
255,1
255,0
254,5
254,4
254,3
254,2
254,1
254,0
253,4
253,3
253,2
253,1
253,0
252,5
252,4
252,3
252,2
252,1
252,0
251,5
251,4
251,3
251,2
251,1
251,0
250,3
250,2
250,1
250,0
249,4
249,3
249,2
249,1
249,0
248,3
248,2
248,1
248,0
247,3
247,2
247,1
247,0
246,4
246,3
246,2
246,1
246,0
245,4
0,459
245,3
245,2
245,1
245,0
244,3
244,2
244,1
244,0
243,9
243,8
243,7
243,6
243,5
243,4
243,3
243,2
243,1
243,0
242,4
242,3
242,2
242,1
242,0
241,3
241,2
241,1
241,0
240,3
240,2
240,1
240,0
239,4
239,3
239,2
239,1
239,0
238,4
238,3
238,2
238,1
238,0
237,4
237,3
237,2
237,1
237,0
236,3
236,2
236,1
236,0
2,32
235,5
235,4
235,3
235,2
235,1
235,0
234,5
234,4
234,3
234,2
234,1
234,0
233,5
233,4
233,3
233,2
233,1
233,0
232,3
232,2
232,1
232,0
2,31
231,4
231,3
231,2
231,1
231,0
230,3
230,2
230,1
230,0
229,3
229,2
0,458
229,1
229,0
228,5
228,4
228,3
228,2
228,1
228,0
227,4
227,3
227,2
227,1
227,0
226,5
226,4
226,3
226,2
226,1
226,0
225,5
225,4
225,3
225,2
225,1
225,0
224,5
224,4
224,3
224,2
224,1
224,0
223,3
223,2
0,457
223,1
223,0
222,5
222,4
222,3
222,2
222,1
222,0
2,30
221,3
221,2
221,1
221,0
220,3
220,2
220,1
220,0
219,3
219,2
219,1
219,0
2,29
218,4
218,3
218,2
218,1
218,0
217,3
217,2
217,1
217,0
216,3
216,2
216,1
216,0
215,4
215,3
215,2
215,1
215,0
214,6
214,5
214,4
214,3
214,2
0,456
0,455
214,1
214,0
213,5
213,4
213,3
213,2
213,1
213,0
212,3
212,2
0,454
0,453
212,1
212,0
211,4
211,3
211,2
211,1
211,0
210,4
210,3
210,2
210,1
210,0
209,3
209,2
209,1
209,0
208,4
208,3
208,2
208,1
208,0
207,3
207,2
207,1
207,0
206,4
206,3
206,2
206,1
206,0
205,3
205,2
205,1
205,0
204,4
204,3
204,2
204,1
204,0
203,6
203,5
203,4
203,3
203,2
203,1
203,0
202,5
202,4
202,3
202,2
202,1
202,0
201,5
201,4
201,3
201,2
201,1
201,0
200,3
200,2
200,1
200,0
199,3
199,2
199,1
199,0
2,28
198,6
198,5
198,4
198,3
198,2
198,1
198,0
197,6
197,5
197,4
197,3
197,2
197,1
197,0
196,6
196,5
196,4
196,3
196,2
196,1
196,0
195,8
195,7
195,6
195,5
195,4
195,3
195,2
195,1
195,0
194,5
194,4
194,3
194,2
194,1
194,0
2,27
193,5
193,4
193,3
193,2
193,1
193,0
1,5
1,4
192,4
192,3
192,2
192,1
192,0
191,3
191,2
191,1
191,0
190,6
190,5
190,4
190,3
190,2
0,452
190,1
190,0
189,3
189,2
189,1
189,0
188,3
188,2
188,1
188,0
187,4
187,3
187,2
187,1
187,0
186,4
186,3
186,2
186,1
186,0
185,4
185,3
185,2
185,1
185,0
2,26
184,4
184,3
184,2
184,1
184,0
183,4
183,3
183,2
183,1
183,0
182,4
182,3
182,2
182,1
182,0
181,4
181,3
181,2
181,1
181,0
180,4
180,3
180,2
180,1
180,0
2,25
179,4
179,3
179,2
179,1
179,0
178,5
178,4
178,3
178,2
178,1
178,0
177,4
177,3
177,2
177,1
177,0
176,4
176,3
176,2
176,1
176,0
175,4
175,3
175,2
175,1
175,0
174,3
174,2
174,1
174,0
173,4
173,3
173,2
173,1
173,0
2,24
172,4
172,3
172,2
